ageattest,C3,C10,C25,C50,C75,C90,C97,n
49,95.44746114,98.09170604,100.7119352,103.6162931,106.5830171,109.371008,112.2985531,305
50,95.95356619,98.61868488,101.2587648,104.1841594,107.1713264,109.9775698,112.9232859,489
51,96.46124767,99.14734033,101.8073633,104.7538902,107.7615919,110.5861701,113.550141,1357
52,96.97037331,99.67751235,102.3575491,105.3252867,108.353605,111.1965975,114.1789108,298
53,97.48040649,100.2086266,102.9087161,105.8977143,108.9467083,111.8081799,114.8089141,516
54,97.99108214,100.7403775,103.4605284,106.4708144,109.5405323,112.4205479,115.4397928,1907
55,98.50208888,101.272395,104.0125748,107.0441499,110.1346342,113.0332722,116.0711508,658
56,99.01311375,101.8043033,104.5644361,107.6172747,110.7285631,113.6459176,116.7025902,1339
57,99.52383901,102.3357198,105.1156848,108.1897337,111.3218589,114.2580404,117.3337057,1030
58,100.0339505,102.8662656,105.6658973,108.7610759,111.9140658,114.8692013,117.964096,752
59,100.5432937,103.395763,106.2148806,109.3310992,112.5049813,115.4792042,118.5935796,1294
60,101.0518612,103.9242214,106.7626564,109.8998342,113.0946388,116.0880803,119.2221791,1022
61,101.5596511,104.4516582,107.3092559,110.4673216,113.6830824,116.6958706,119.8499262,290
62,102.066661,104.978091,107.8547117,111.0336038,114.2703579,117.302618,120.4768541,1403
63,102.5728225,105.5034701,108.3989869,111.5986524,114.8564388,117.9082914,121.1029207,773
64,103.0776403,106.0273028,108.9415882,112.1619693,115.4408184,118.5123722,121.727591,209
65,103.5804403,106.5489111,109.4818313,112.7228607,116.0227894,119.1141381,122.3501239,1148
66,104.080535,107.0676041,110.0190191,113.2806194,116.6016312,119.7128527,122.9697634,374
67,104.5772252,107.5826791,110.5524426,113.8345261,117.1766108,120.307767,123.5857407,409
68,105.0700588,108.0936801,111.0816428,114.3841197,117.7472661,120.8984191,124.1975953,794
69,105.5592436,108.6008088,111.6068268,114.929626,118.3138557,121.4851112,124.8056878,504
70,106.0450986,109.1043778,112.1283139,115.4713869,118.8767609,122.0682758,125.4105201,30
71,106.5279506,109.6047074,112.6464312,116.0097526,119.4363719,122.6483563,126.0126068,1034
72,107.0081322,110.1021239,113.1615124,116.5450804,119.9930875,123.225806,126.6124745,487
73,107.4859418,110.5969272,113.6738699,117.0777097,120.547288,123.8010565,127.2106224,47
74,107.961637,111.0893863,114.1837913,117.6079575,121.0993314,124.374514,127.8075177,1170
75,108.435479,111.5797739,114.6915685,118.1361466,121.6495821,124.9465922,128.4036366,257
76,108.9077339,112.0683681,115.1974994,118.6626064,122.1984125,125.5177142,128.999467,223
77,109.3786229,112.5554031,115.7018377,119.1876202,122.7461464,126.0882516,129.5954411,1013
78,109.8479549,113.0407062,116.2044253,119.7110434,123.2926504,126.6580805,130.1914448,199
79,110.3153311,113.5238997,116.7048971,120.2325161,123.8375615,127.226828,130.7870886,386
80,110.7803445,114.0045985,117.202881,120.7516715,124.3805093,127.7941132,131.3819747,966
81,111.2425821,114.4824117,117.6979994,121.2681369,124.9211176,128.3595496,131.9756988,377
82,111.7016744,114.9569934,118.1899192,121.7815833,125.4590504,128.9227856,132.567885,646
83,112.1574071,115.428155,118.6784638,122.2918318,125.9941116,129.4835958,133.1582642,520
84,112.6095954,115.8957383,119.1634869,122.7987332,126.5261318,130.0417771,133.7465841,228
85,113.0580517,116.3595835,119.6448409,123.3021367,127.0549396,130.5971235,134.3325864,820
86,113.5025859,116.8195285,120.1223765,123.80189,127.5803613,131.149425,134.9160071,518
87,113.9429804,117.2753848,120.595921,124.2978226,128.1022128,131.6984701,135.496591,13
88,114.3789805,117.7269287,121.0652705,124.7897403,128.6202967,132.2440465,136.0740985,1024
89,114.8103264,118.1739314,121.5302167,125.2774453,129.1344125,132.7859393,136.6482867,463
90,115.2367548,118.6161617,121.9905493,125.7607381,129.6443579,133.3239308,137.2189087,171
91,115.6580538,119.0534408,122.4461117,126.2394743,130.1499873,133.8578609,137.7857755,804
92,116.0745904,119.4861741,122.8973402,126.7141146,130.651776,134.3882091,138.3493602,437
93,116.4870891,119.9151285,123.3450376,127.1854948,131.1505848,134.9158514,138.9105462,182
94,116.89629,120.3410876,123.7900246,127.6544689,131.6472934,135.4416835,139.4702367,900
95,117.302944,120.7648467,124.2331342,128.1219045,132.1427958,135.9666153,140.0293488,524
96,117.7078124,121.1872115,124.6752095,128.5886775,132.637991,136.4915576,140.5887945,2
97,118.1116672,121.6089959,125.1170962,129.0556563,133.1337565,137.0173822,141.1494236,1015
98,118.5152904,122.0310242,125.5596496,129.523717,133.6309736,137.5449594,141.7120774,281
99,118.919474,122.4541317,126.0037371,129.9937485,134.1305365,138.0751716,142.2776068,270
100,119.3250171,122.8791628,126.4502362,130.4666503,134.6333497,138.6089106,142.8468703,1002
101,119.732555,123.3068012,126.8998649,130.9431611,135.1401521,139.1468943,143.4205403,154
102,120.1424411,123.7374536,127.3530657,131.4237409,135.6513955,139.6895408,143.9989695,362
103,120.5550039,124.1715044,127.8102601,131.908829,136.1675099,140.2372433,144.5824808,917
104,120.9705741,124.6093425,128.2718753,132.3988712,136.688931,140.7903989,145.1713977,298
105,121.3894503,125.0513255,128.7383082,132.894282,137.2160609,141.3493675,145.7660011,214
106,121.8114501,125.4973192,129.2094485,133.3949485,137.7487494,141.9139287,146.3659568,971
107,122.2360286,125.9468184,129.6848046,133.9003613,138.2864297,142.483423,146.970464,110
108,122.6626213,126.3993007,130.1638684,134.4099935,138.8285154,143.0571675,147.5786934,384
109,123.0906518,126.8542346,130.6461241,134.9233102,139.3744099,143.6344659,148.1897973,1006
110,123.5195088,127.3110537,131.1310186,135.4397357,139.9234699,144.2145686,148.8028662,4
111,123.9484521,127.7690504,131.6178442,135.9585209,140.4748584,144.7965104,149.4167517,1013
112,124.3766907,128.227465,132.1058364,136.4788539,141.0276662,145.3792452,150.0302138,295
113,124.8034188,128.6855254,132.5942195,136.9999097,141.580969,145.9617083,150.6419911,229
114,125.2278174,129.1424497,133.0822082,137.5208531,142.1338291,146.5428191,151.2508046,914
115,125.6493657,129.5977332,133.5692839,138.0411161,142.6855937,147.1218154,151.8557482,348
116,126.0681769,130.0514571,134.0554896,138.5606963,143.2362148,147.6986118,152.4567093,234
117,126.4844474,130.5037787,134.5409403,139.0796617,143.7857194,148.2732089,153.0536799,814
118,126.8983811,130.9548603,135.0257535,139.5980819,144.3341356,148.8456102,153.64666,487
119,127.3101912,131.4048725,135.5100535,140.1160317,144.881498,149.4158289,154.2356656,5
120,127.7201406,131.8540437,135.9940334,140.6336708,145.4279459,149.9840062,154.8208709,1043
121,128.1285374,132.3026557,136.4779497,141.1512361,145.9737149,150.5504017,155.4025954,413
122,128.5357001,132.7509985,136.9620657,141.6689713,146.5190484,151.1152858,155.9811752,198
123,128.9419559,133.1993684,137.4466491,142.1871236,147.0641946,151.678936,156.556957,1421
124,129.3475873,133.6480191,137.9319271,142.7059021,147.6093656,152.2415957,157.1302556,201
125,129.752536,134.0968963,138.4178439,143.2252517,148.1545194,152.8032553,157.7011231,560
126,130.1566067,134.5458223,138.9042302,143.7450115,148.6995131,153.3638047,158.2695096,1576
127,130.559601,134.9946166,139.3909138,144.2650185,149.2442018,153.923134,158.8353665,540
128,130.9613178,135.4430961,139.8777201,144.785107,149.7884397,154.4811327,159.3986463,290
129,131.3615929,135.8911132,140.3645116,145.3051539,150.3321323,155.0377548,159.9593822,1688
130,131.7603597,136.3386144,140.8512484,145.8251469,150.8753191,155.5931178,160.51781,296
131,132.1575673,136.7855604,141.3379055,146.3450914,151.4180621,156.1473667,161.0741986,615
132,132.5531642,137.231911,141.8244574,146.864993,151.9604242,156.7006486,161.6288185,1554
133,132.9471028,137.6776292,142.3108815,147.3848611,152.5024735,157.2531154,162.1819435,207
134,133.3394321,138.1227783,142.7972573,147.9048069,153.0443766,157.8050122,162.7339307,245
135,133.7303098,138.5675335,143.2837783,148.425055,153.5864103,158.3566877,163.2852302,608
136,134.1199013,139.0120783,143.7706461,148.9458391,154.1288609,158.9084999,163.8362995,129
137,134.5083748,139.4565982,144.2580649,149.4673961,154.672019,159.4608109,164.3875988,40
138,134.895899,139.9012778,144.7462364,149.989959,155.2161687,160.0139735,164.9395736,78
